57
97
<<<<<<< HEAD
0000000000000000000000000000001111000000000000000000000000000001111000000000000000000000000000000
=======
G000000000000000000000000000001111000000000000000000000000000001111000000000000000000000000000000
>>>>>>> dab5a413a614f8385243353c6f388e61d82287cc
0000000000000000000000000000001111000000000000000000000000000001111000000000000000000000000000000
0000G00000000000000000000000001111000000000000000000000000000001111000000000000000000000000000000
0000000000000000000000000000001111000000000000000000000000000001111000000000000000000000000000000
0000000000000000000000000000001111000000000000000000000000000001111000000000000000000000000000000
0000000000000000000000000000001111000000000000000000000000000001111000000000000000000000000000000
0000000000000000000000000000001111000000000000000000000000000001111000000000000000000000000000000
0000000000000000000000000000000000000000000000000000000000000001111000000000000000000000000000000
0000000000000000000000000000000000000000000000000000000000000001111000000000000000000000000000000
0000000000000000000000000000000000000000000000000000000000000001111000000000000000000000000000000
0000000000000000000000000000001111000000000000000000000000000001111000000000000000000000000000000
0000000000000000000000000000001111000000000000000000000000000001111000000000000000000000000000000
0000000000000000000000000000001111000000000000000000000000000001111000000000000000000000000000000
0000000000000000000000000000001111000000000000000000000000000001111000000000000000000000000000000
0000000000000000000000000000001111000000000000000000000000000001111000000000000000000000000000000
0000000000000000000000000000001111000000000000000000000000000001111000000000000000000000000000000
0000000000000000000000000000001111000000000000000000000000000001111000000000000000000000000000000
0000000111111111111111111111111111111111111111111111100000000001111000000000000000000000000000000
0000000111111111111111111111111111111111111111111111100000000001111000000011111111111111111111111
0000000111111111111111111111111111111111111111111111100000000001111000000011111111111111111111111
0000000000000000000000000000001111000000000000000000000000000001111000000000000000000000000000000
0000000000000000000000000000001111000000000000000000000000000001111000000000000000000000000000000
0000000000000000000000000000001111000000000000000000000000000001111000000000000000000000000000000
0000000000000000000000000000001111000000000000000000000000000001111000000000000000000000000000000
0000000000000000000000000000001111000000000000000000000000000001111000000000000000000000000000000
0000000000000000000000000000001111000000000000000000000000000001111000000000000000000000000000000
0000000000000000000000000000001111000000000000000000000000000001111000000000000000000000000000000
0000000000000000000000000000001111000000000000000000000000000001111000000000000000000000000000000
0000000000000000000000000000001111000000000000000000000000000001111000000000000000000000000000000
0000000000000000000000000000001111000000000000000000000000000001111000000000000000000000000000000
0000000000000000000000000000001111000000000000000000000000000001111000000000000000000000000000000
0000000000000000000000000000001111000000000000000000000000000001111000000000000000000000000000000
0000000000000000000000000000001111000000000000000000000000000001111000000000000000000000000000000
0000000000000000000000000000001111000000000000000000000000000001111000000000000000000000000000000
0000000000000000000000000000001111000000000000000000000000000001111000000000000000000000000000000
0000000000000000000000000000001111000000000000000000000000000001111000000000000000000000000000000
0000000000000000000000000000001111000000000000000000000000000001111000000000000000000000000000000
1111111111111111111111111000001111000000011111111111111111111111111111111111111111111111110000000
1111111111111111111111111000001111000000011111111111111111111111111111111111111111111111110000000
0000000000000000000000000000001111000000000000000000000000000001111000000000000000000000000000000
0000000000000000000000000000001111000000000000000000000000000001111000000000000000000000000000000
0000000000000000000000000000001111000000000000000000000000000001111000000000000000000000000000000
0000000000000000000000000000001111000000000000000000000000000001111000000000000000000000000000000
0000000000000000000000000000001111000000000000000000000000000001111000000000000000000000000000000
0000000000000000000000000000001111000000000000000000000000000001111000000000000000000000000000000
0000000000000000000000000000001111000000000000000000000000000001111000000000000000000000000000000
0000000000000000000000000000001111000000000000000000000000000001111000000000000000000000000000000
0000000000000000000000000000001111000000000000000000000000000001111000000000000000000000000000000
0000000000000000000000000000001111000000000000000000000000000000000000000000000000000000000000000
0000000000000000000000000000001111000000000000000000000000000000000000000000000000000000000000000
0000000000000000000000000000001111000000000000000000000000000000000000000000000000000000000000000
0000000000000000000000000000001111000000000000000000000000000001111000000000000000000000000000000
0000000000000000000000000000001111000000000000000000000000000001111000000000000000000000000000000
0000000000000000000000000000001111000000000000000000000000000001111000000000000000000000000S00000
0000000000000000000000000000001111000000000000000000000000000001111000000000000000000000000000000
0000000000000000000000000000001111000000000000000000000000000001111000000000000000000000000000000
000000000000000000000000000000111100000000000000000000000000000111100000000000000000000000000000S
