64
64
G000000000000000000000000000000000000000000000000000000000000000
0000000000000000000000000000000000000000000000000000000000000000
0000000000000000000000000000000000000000000000000000000000000000
0000000000000000000000000000000000000000000000000000000000000000
0000000000000010000000000000000000000000000000000000000000000000
0000000000000010000000000000000000000000000000000000000000000000
0000000000000010000000000000000000000000000000000000000000000000
0000000000000010000000000000000000000000000000000000000000000000
0000000000000010000000000000000000000000000000000000000000000000
0000000000000010000000000000000000000000000000000000000000000000
0000000000000010000000000000000000000000000000000000000000000000
0000000000000011111111111111111111111111000000000000000000000000
0000000000000010000000000000000000000011100000000000000000000000
0000000000000010000000000000000000000001000000000000000000000000
0000000000000010000000000000000000000001000000000000000000000000
0000000000000010000000000000000000000001000000000000000000000000
0000000000000010000000000000000000000001000000000000000000000000
0000000000000010000000000000000000000001000000000000000000000000
0000000000000010000000000000000000000001000000000000000000000000
0000000000000010000000000000000000000001000000000000000000000000
0000000000000010000000000000000000000001000000000000000000000000
0000000000000010000000000000000000000001000000000000000000000000
0000000000000010000000000000000000000001000000000000000000000000
0000000000000010000000000000000000000001000000000000000000000000
0000000111111111000000000000000000000001000000000000000000000000
0000000100000000000000000000000000000001000000000000000000000000
0000000100000000000000000000000000000001000000000000000000000000
0000000100000000000000000000000000000001000000000000000000000000
0000000100000000000000000000000000000001000000000000000000000000
0000000100000000000000000000000000000001000000000000000000000000
0000000000000000000000000000000000000001000000000000000000000000
0000000000000000001000000000000000000001000000000000100000000000
0000000000000000001000000000000000000001000000000000100000000000
0000000000000000001000000000000000000000000000000000100000000000
0000000000000000001000000000000000000000000000000000100000000000
0000000000000000001000000000000000000000000000000000100000000000
0000000000000000001000000000000000000000000000000000100000000000
0000000000000000001000000000000000000000000000000000100000000000
0000000000000000001000000000000000000000000000000000100000000000
0000000000000000000100000000000000000000000000000000100000000000
0000000000000000000011111111100000000000000000000000100000000000
0000000000000000000000000000000000000000000000000000100000000000
0000000000000000000000000000000000000000000000000000100000000000
0000000000000000000000000000000000010000000000000000100000000000
0000000000000000000000000000000000010000000000000000100000000000
0000000000000000000000000000000000010000000000000000100000000000
0000000000000000000000000000000000010000000000000000100000000000
0000000000000000000000000000000000010000000000000000100000000000
0000000000000000000000000000000000010000000000000000100000000000
0000000000000000000000000000000000010000000000000000100000000000
0000000000000000000000000000000000010000000000000000100000000000
0000000000000000000000000000000000010000000000000000100000000000
0000000000000000000000000000000000010000000000000000100000000000
0000000000000000001000000000000000010000000000000000100000000000
0000000000000000001000000000000000010000000000000000100000000000
0000000000000000001000000000000000000000000000000000100000000000
0000000000000000001000000000000000000000000000000000100000000000
0000000000000000001000000000000000000000000000000000100000000000
0000000000000000001000000000000000000000000000000000100000000000
0000000000000000001000000000000000000000000000000000000000000000
0000000000000000001000000000000000000000000000000000000000000000
000000000000000000100000000000000000000000000000000000000000000S
